5.000000000000000278e-02 3.971083403362256527e-06
1.499999999999999944e-01 7.142052063773129435e-03
2.500000000000000000e-01 2.440632978247291973e+00
3.499999999999999778e-01 1.600066825700556592e+02
4.500000000000000111e-01 2.091109579279976970e+03
5.500000000000000444e-01 6.381757832853092623e+03
6.500000000000001332e-01 7.349247642056086988e+03
7.500000000000000000e-01 5.185866387393862169e+03
8.500000000000000888e-01 1.873734645726307008e+03
9.499999999999999556e-01 2.405730689341118307e+02
1.050000000000000044e+00 9.020900438809748678e+00
1.149999999999999911e+00 9.303611986127920119e-02
1.250000000000000000e+00 2.605535042671873166e-04
1.350000000000000089e+00 1.977190034199654562e-07
1.450000000000000178e+00 4.064200318886819199e-11
1.550000000000000044e+00 2.262880756208831976e-15
1.649999999999999911e+00 3.412766655862851641e-20
1.750000000000000000e+00 1.394150817178188710e-25
1.850000000000000089e+00 1.542663303139718817e-31
1.949999999999999956e+00 4.623711918275872676e-38
2.049999999999999822e+00 3.753778252391360358e-45
2.150000000000000355e+00 8.254764505440158480e-53
2.250000000000000000e+00 4.916986206742733353e-61
2.350000000000000533e+00 7.933256927459313167e-70
2.450000000000000178e+00 3.467067340371106705e-79
2.549999999999999822e+00 4.104225950638387985e-89
2.650000000000000355e+00 1.316007834784733718e-99
2.750000000000000000e+00 1.142993907127992453e-110
2.850000000000000533e+00 2.688980071254347856e-122
2.950000000000000178e+00 1.713521190271790963e-134
3.049999999999999822e+00 2.957669229819466124e-147
3.150000000000000355e+00 1.382827330806713788e-160
3.250000000000000000e+00 1.751235424315023497e-174
3.350000000000000533e+00 6.007300271481470547e-189
3.450000000000000178e+00 5.581775627004624329e-204
3.549999999999999822e+00 1.404829560916835358e-219
3.649999999999999911e+00 9.577080264332208387e-236
3.750000000000000000e+00 1.768482818743276536e-252
3.850000000000000977e+00 8.845589688045749219e-270
3.950000000000000178e+00 1.198425284990046166e-287
