5.000000000000000278e-02 1.192091235525677899e-22
1.499999999999999944e-01 1.052790842319265054e-18
2.500000000000000000e-01 4.222085583559431861e-15
3.499999999999999778e-01 7.689443901799591430e-12
4.500000000000000111e-01 6.361347718972832279e-09
5.500000000000000444e-01 2.391684399278459708e-06
6.500000000000001332e-01 4.090442328050795853e-04
7.500000000000000000e-01 3.188157128298912957e-02
8.500000000000000888e-01 1.136528231176246129e+00
9.499999999999999556e-01 1.866893654641587474e+01
1.050000000000000044e+00 1.435693995637472540e+02
1.149999999999999911e+00 5.352522428451260339e+02
1.250000000000000000e+00 1.042918060645342848e+03
1.350000000000000089e+00 1.222948260013567733e+03
1.450000000000000178e+00 1.031347169622659749e+03
1.550000000000000044e+00 6.797587056769697256e+02
1.649999999999999911e+00 3.281184821168756685e+02
1.750000000000000000e+00 1.040031835371871836e+02
1.850000000000000089e+00 1.992176989580811153e+01
1.949999999999999956e+00 2.189993037334528214e+00
2.049999999999999822e+00 1.341219987247243006e-01
2.150000000000000355e+00 4.503833846938062706e-03
2.250000000000000000e+00 8.227014041666292645e-05
2.350000000000000533e+00 8.144838586655613169e-07
2.450000000000000178e+00 4.363270822886971078e-09
2.549999999999999822e+00 1.264011394841584796e-11
2.650000000000000355e+00 1.979666106787605661e-14
2.750000000000000000e+00 1.676086973995650535e-17
2.850000000000000533e+00 7.670995463801997263e-21
2.950000000000000178e+00 1.897812396573846976e-24
3.049999999999999822e+00 2.538048628353595553e-28
3.150000000000000355e+00 1.834811021519323333e-32
3.250000000000000000e+00 7.170135854335001882e-37
3.350000000000000533e+00 1.514635201452257696e-41
3.450000000000000178e+00 1.729550784811184110e-46
3.549999999999999822e+00 1.067586814343886511e-51
3.649999999999999911e+00 3.562195028177629080e-57
3.750000000000000000e+00 6.425054183185912302e-63
3.850000000000000977e+00 6.264414774304964509e-69
3.950000000000000178e+00 3.301633216742046203e-75
