5.000000000000000278e-02 8.312372889380560945e-14
1.499999999999999944e-01 5.333425858844586076e-10
2.500000000000000000e-01 1.064695939609779373e-06
3.499999999999999778e-01 6.619744002916877782e-04
4.500000000000000111e-01 1.285135223870736698e-01
5.500000000000000444e-01 7.839779274418925858e+00
6.500000000000001332e-01 1.528546832368638775e+02
7.500000000000000000e-01 9.988240191786046580e+02
8.500000000000000888e-01 2.487567792235080560e+03
9.499999999999999556e-01 3.111221247930945538e+03
1.050000000000000044e+00 2.709101131176002127e+03
1.149999999999999911e+00 1.804256083312211331e+03
1.250000000000000000e+00 7.827344051384577597e+02
1.350000000000000089e+00 1.808180180483893480e+02
1.450000000000000178e+00 1.954148565454038433e+01
1.550000000000000044e+00 9.264422490012176326e-01
1.649999999999999911e+00 1.875260358529768148e-02
1.750000000000000000e+00 1.604741091012290501e-04
1.850000000000000089e+00 5.787237947156126969e-07
1.949999999999999956e+00 8.787459096792000947e-10
2.049999999999999822e+00 5.616648238113674205e-13
2.150000000000000355e+00 1.511083652714874939e-16
2.250000000000000000e+00 1.711164927428098509e-20
2.350000000000000533e+00 8.156170125450527583e-25
2.450000000000000178e+00 1.636332433941276221e-29
2.549999999999999822e+00 1.381807762728588183e-34
2.650000000000000355e+00 4.911504426600647261e-40
2.750000000000000000e+00 7.348052880350618085e-46
2.850000000000000533e+00 4.627227238711065935e-52
2.950000000000000178e+00 1.226479247211924873e-58
3.049999999999999822e+00 1.368328591848125563e-65
3.150000000000000355e+00 6.425566478045153493e-73
3.250000000000000000e+00 1.270057144432458398e-80
3.350000000000000533e+00 1.056637267454724678e-88
3.450000000000000178e+00 3.700150661586634225e-97
3.549999999999999822e+00 5.453856580532666605e-106
3.649999999999999911e+00 3.383598625983153173e-115
3.750000000000000000e+00 8.835777848671686411e-125
3.850000000000000977e+00 9.711840873514801027e-135
3.950000000000000178e+00 4.493131706969605275e-145
