5.000000000000000278e-02 1.090938282825378245e-30
1.499999999999999944e-01 7.431775157944315441e-27
2.500000000000000000e-01 2.867184883906716925e-23
3.499999999999999778e-01 6.263498668830526756e-20
4.500000000000000111e-01 7.747355860987036508e-17
5.500000000000000444e-01 5.426086905341280818e-14
6.500000000000001332e-01 2.152222461681476450e-11
7.500000000000000000e-01 4.836038543193909255e-09
8.500000000000000888e-01 6.159220625872873172e-07
9.499999999999999556e-01 4.450216235331213828e-05
1.050000000000000044e+00 1.826850675790211856e-03
1.149999999999999911e+00 4.271664969780745308e-02
1.250000000000000000e+00 5.714791388315965115e-01
1.350000000000000089e+00 4.409654545864666098e+00
1.450000000000000178e+00 1.992003377406986431e+01
1.550000000000000044e+00 5.419447392727398949e+01
1.649999999999999911e+00 9.368936523050592768e+01
1.750000000000000000e+00 1.131550732440580589e+02
1.850000000000000089e+00 1.093492707596630567e+02
1.949999999999999956e+00 9.578035044000056075e+01
2.049999999999999822e+00 8.026770908077574518e+01
2.150000000000000355e+00 6.481311510751636717e+01
2.250000000000000000e+00 5.086564003769525755e+01
2.350000000000000533e+00 3.973863321427781159e+01
2.450000000000000178e+00 3.190970630450311774e+01
2.549999999999999822e+00 2.656487948053529280e+01
2.650000000000000355e+00 2.209763477793767450e+01
2.750000000000000000e+00 1.734541850784403394e+01
2.850000000000000533e+00 1.230233159919479746e+01
2.950000000000000178e+00 7.727713734331184803e+00
3.049999999999999822e+00 4.276493482601977369e+00
3.150000000000000355e+00 2.074072429864128875e+00
3.250000000000000000e+00 8.678751680638548960e-01
3.350000000000000533e+00 3.055396299352673428e-01
3.450000000000000178e+00 8.814314093887938573e-02
3.549999999999999822e+00 2.039909016513060877e-02
3.649999999999999911e+00 3.733083282697977328e-03
3.750000000000000000e+00 5.354114037253041242e-04
3.850000000000000977e+00 5.986832990051652189e-05
3.950000000000000178e+00 5.203408134104302035e-06
