5.000000000000000278e-02 2.671800761185266992e+02
1.499999999999999944e-01 1.664740260244941737e+03
2.500000000000000000e-01 2.976419427090449062e+03
3.499999999999999778e-01 4.689529441300562212e+03
4.500000000000000111e-01 4.264308739563213749e+03
5.500000000000000444e-01 1.297887883520489368e+03
6.500000000000001332e-01 7.282637549399306920e+01
7.500000000000000000e-01 6.249113831205242997e-01
8.500000000000000888e-01 8.015261843311740188e-04
9.499999999999999556e-01 1.533973985568529805e-07
1.050000000000000044e+00 4.380020598568615743e-12
1.149999999999999911e+00 1.865908771763277260e-17
1.250000000000000000e+00 1.185934491588366385e-23
1.350000000000000089e+00 1.124571397199574669e-30
1.450000000000000178e+00 1.590997164180057635e-38
1.550000000000000044e+00 3.358209740760630382e-47
1.649999999999999911e+00 1.057553306989660695e-56
1.750000000000000000e+00 4.968814200777649075e-67
1.850000000000000089e+00 3.483046611892107524e-78
1.949999999999999956e+00 3.642686989874490238e-90
2.049999999999999822e+00 5.683821912520172060e-103
2.150000000000000355e+00 1.323168363679010195e-116
2.250000000000000000e+00 4.595637814450258703e-131
2.350000000000000533e+00 2.381400931834269245e-146
2.450000000000000178e+00 1.841091120141952788e-162
2.549999999999999822e+00 2.123606698848236251e-179
2.650000000000000355e+00 3.654508102633446262e-197
2.750000000000000000e+00 9.382958830696164565e-216
2.850000000000000533e+00 3.594237174045050923e-235
2.950000000000000178e+00 2.054138354270348890e-255
3.049999999999999822e+00 1.751494149177399232e-276
3.150000000000000355e+00 2.228146434000617893e-298
3.250000000000000000e+00 9.999999999999999919e-300
3.350000000000000533e+00 9.999999999999999919e-300
3.450000000000000178e+00 9.999999999999999919e-300
3.549999999999999822e+00 9.999999999999999919e-300
3.649999999999999911e+00 9.999999999999999919e-300
3.750000000000000000e+00 9.999999999999999919e-300
3.850000000000000977e+00 9.999999999999999919e-300
3.950000000000000178e+00 9.999999999999999919e-300
